[1m177/177[0m [32m━━━━━━━━━━━━━━━━━━━━[0m[37m[0m [1m14s[0m 79ms/step
[[175   0   0   0   0   0   0   0   0   0   0   0   0   0   0   0   0   0
    0   0   0   0   0   0   0   0]
 [  0 193   0   0   0   0   0   0   0   0   0   0   0   0   0   0   0   0
    0   0   0   0   0   0   0   0]
 [  0   0 364   0   0   0   0   0   0   0   0   0   0   0   0   0   0   0
    0   0   0   0   0   0   0   0]
 [  0   0   0 336   0   0   0   0   0   0   0   0   0   0   0   0   0   0
    0   0   0   0   0   0   0   0]
 [  0   0   0   0 173   0   0   0   0   0   0   0   0   0   0   0   0   0
    0   0   0   0   0   0   0   0]
 [  0   0   0   0   0 127   0   0   0   0   0   0   0   0   0   0   0   0
    0   0   0   0   0   0   0   0]
 [  0   0   0   0   0   0 222   0   0   0   0   0   0   0   0   0   0   0
    0   0   0   0   0   0   0   0]
 [  0   0   0   0   0   0   0 162   0   0   0   0   0   0   0   0   0   0
    0   0   0   0   0   0   0   0]
 [  0   0   0   0   0   0   0   0 341   0   0   0   0   0   0   0   0   0
    0   0   0   0   0   0   0   0]
 [  0   0   0   0   0   0   0   0   0 240   0   0   0   0   0   0   0   0
    0   0   0   0   0   0   0   0]
 [  0   0   0   0   0   0   0   0   0   0 134   0   0   0   0   0   0   0
    0   0   0   0   0   0   0   0]
 [  0   0   0   0   0   0   0   0   0   0   0 189   0   0   0   0   0   0
    0   0   0   0   0   0   0   0]
 [  0   0   0   0   0   0   0   0   0   0   0   0 263   0   0   0   0   0
    0   0   0   0   0   0   0   0]
 [  0   0   0   0   0   0   0   0   0   0   0   0   0 212   0   0   0   0
    0   0   0   0   0   0   0   0]
 [  0   0   0   0   0   0   0   0   0   0   0   0   0   0 263   0   0   0
    0   0   0   0   0   0   0   0]
 [  0   0   0   0   0   0   0   0   0   0   0   0   0   0   0 146   0   0
    0   0   0   0   0   0   0   0]
 [  0   0   0   0   0   0   0   0   0   0   0   0   0   0   0   0 156   0
    0   0   0   0   0   0   0   0]
 [  0   0   0   0   0   0   0   0   0   0   0   0   0   0   0   0   0 240
    0   0   0   0   0   0   0   0]
 [  0   0   0   0   0   0   0   0   0   0   0   0   0   0   0   0   0   0
  324   0   0   0   0   0   0   0]
 [  0   0   0   0   0   0   0   0   0   0   0   0   0   0   0   0   0   0
    0  99   0   0   0   0   0   0]
 [  0   0   0   0   0   0   0   0   0   0   0   0   0   0   0   0   0   0
    0   0 215   0   0   0   0   0]
 [  0   0   0   0   0   0   0   0   0   0   0   0   0   0   0   0   0   0
    0   0   0  26   0   0   0   0]
 [  0   0   0   0   0   0   0   0   0   0   0   0   0   0   0   0   0   0
    0   0   0   0 267   0   0   0]
 [  0   0   0   0   0   0   0   0   0   0   0   0   0   0   0   0   0   0
    0   0   0   0   0 269   0   0]
 [  0   0   0   0   0   0   0   0   0   0   0   0   0   0   0   0   0   0
    0   0   0   0   0   0 267   0]
 [  0   0   0   0   0   0   0   0   0   0   0   0   0   0   0   0   0   0
    0   0   0   0   0   0   0 251]]
